6.798056095529019238e-01
6.806387114690363171e-01
6.814718133851707105e-01
6.823049153013052148e-01
6.831380172174396082e-01
6.839711191335740015e-01
6.848042210497083948e-01
6.856373229658427881e-01
6.864704248819771815e-01
6.873035267981116858e-01
6.881366287142460791e-01
6.889697306303804725e-01
6.898028325465148658e-01
6.906359344626492591e-01
6.914690363787836525e-01
6.923021382949181568e-01
6.931352402110524391e-01
6.939683421271869435e-01
6.948014440433212258e-01
6.956345459594557301e-01
6.964676478755900124e-01
6.973007497917245168e-01
6.981338517078589101e-01
6.989669536239933034e-01
6.998000555401276968e-01
7.006331574562620901e-01
7.014662593723964834e-01
7.022993612885308767e-01
7.031324632046653811e-01
7.039655651207997744e-01
7.047986670369341677e-01
7.056317689530685611e-01
7.064648708692029544e-01
7.072979727853373477e-01
7.081310747014718521e-01
7.089641766176062454e-01
7.097972785337406387e-01
7.106303804498750321e-01
7.114634823660094254e-01
7.122965842821438187e-01
7.131296861982783231e-01
7.139627881144126054e-01
7.147958900305471097e-01
7.156289919466813920e-01
7.164620938628158964e-01
7.172951957789501787e-01
7.181282976950846830e-01
7.189613996112190764e-01
7.197945015273534697e-01
7.206276034434878630e-01
7.214607053596222563e-01
7.222938072757566497e-01
7.231269091918911540e-01
7.239600111080255473e-01
7.247931130241599407e-01
7.256262149402943340e-01
7.264593168564287273e-01
7.272924187725631207e-01
7.281255206886976250e-01
7.289586226048320183e-01
7.297917245209664117e-01
7.306248264371009160e-01
7.314579283532351983e-01
7.322910302693697027e-01
7.331241321855039850e-01
7.339572341016384893e-01
7.347903360177727716e-01
7.356234379339072760e-01
7.364565398500415583e-01
7.372896417661760626e-01
7.381227436823103449e-01
7.389558455984448493e-01
7.397889475145791316e-01
7.406220494307137470e-01
7.414551513468481403e-01
7.422882532629825336e-01
7.431213551791169269e-01
7.439544570952513203e-01
7.447875590113857136e-01
7.456206609275201069e-01
7.464537628436545003e-01
7.472868647597888936e-01
7.481199666759232869e-01
7.489530685920576802e-01
7.497861705081920736e-01
7.506192724243265779e-01
7.514523743404610823e-01
7.522854762565953646e-01
7.531185781727298689e-01
7.539516800888641512e-01
7.547847820049986556e-01
7.556178839211329379e-01
7.564509858372674422e-01
7.572840877534017245e-01
7.581171896695362289e-01
7.589502915856705112e-01
7.597833935018050155e-01
7.606164954179395199e-01
7.614495973340739132e-01
7.622826992502083066e-01
7.631158011663426999e-01
7.639489030824770932e-01
7.647820049986114865e-01
7.656151069147458799e-01
7.664482088308802732e-01
7.672813107470146665e-01
7.681144126631490598e-01
7.689475145792834532e-01
7.697806164954178465e-01
7.706137184115524619e-01
7.714468203276867442e-01
7.722799222438212485e-01
7.731130241599555308e-01
7.739461260760900352e-01
7.747792279922243175e-01
7.756123299083588218e-01
7.764454318244931041e-01
7.772785337406276085e-01
7.781116356567618908e-01
7.789447375728963952e-01
7.797778394890306775e-01
7.806109414051652928e-01
7.814440433212996862e-01
7.822771452374340795e-01
7.831102471535684728e-01
7.839433490697028661e-01
7.847764509858372595e-01
7.856095529019716528e-01
7.864426548181060461e-01
7.872757567342404394e-01
7.881088586503748328e-01
7.889419605665092261e-01
7.897750624826436194e-01
7.906081643987781238e-01
7.914412663149126281e-01
7.922743682310469104e-01
7.931074701471814148e-01
7.939405720633156971e-01
7.947736739794502014e-01
7.956067758955844837e-01
7.964398778117189881e-01
7.972729797278532704e-01
7.981060816439877748e-01
7.989391835601220571e-01
7.997722854762565614e-01
8.006053873923910658e-01
8.014384893085254591e-01
8.022715912246598524e-01
8.031046931407942457e-01
8.039377950569286391e-01
8.047708969730630324e-01
8.056039988891974257e-01
8.064371008053318191e-01
8.072702027214662124e-01
8.081033046376006057e-01
8.089364065537349990e-01
8.097695084698693924e-01
8.106026103860040077e-01
8.114357123021382900e-01
8.122688142182727944e-01
8.131019161344070767e-01
8.139350180505415810e-01
8.147681199666758634e-01
8.156012218828103677e-01
8.164343237989446500e-01
8.172674257150791544e-01
8.181005276312134367e-01
8.189336295473479410e-01
8.197667314634822233e-01
8.205998333796167277e-01
8.214329352957512320e-01
8.222660372118856253e-01
8.230991391280200187e-01
8.239322410441544120e-01
8.247653429602888053e-01
8.255984448764231987e-01
8.264315467925575920e-01
8.272646487086919853e-01
8.280977506248263786e-01
8.289308525409607720e-01
8.297639544570951653e-01
8.305970563732295586e-01
8.314301582893641740e-01
8.322632602054984563e-01
8.330963621216329607e-01
8.339294640377672430e-01
8.347625659539017473e-01
8.355956678700360296e-01
8.364287697861705340e-01
8.372618717023048163e-01
8.380949736184393206e-01
8.389280755345736029e-01
8.397611774507081073e-01
8.405942793668423896e-01
8.414273812829770050e-01
8.422604831991113983e-01
8.430935851152457916e-01
8.439266870313801849e-01
8.447597889475145783e-01
8.455928908636489716e-01
8.464259927797833649e-01
8.472590946959177582e-01
8.480921966120521516e-01
8.489252985281865449e-01
8.497584004443209382e-01
8.505915023604553316e-01
8.514246042765898359e-01
8.522577061927243403e-01
8.530908081088586226e-01
8.539239100249931269e-01
8.547570119411274092e-01
8.555901138572619136e-01
8.564232157733961959e-01
8.572563176895307002e-01
8.580894196056649825e-01
8.589225215217994869e-01
8.597556234379337692e-01
8.605887253540682735e-01
8.614218272702027779e-01
8.622549291863371712e-01
8.630880311024715645e-01
8.639211330186059579e-01
8.647542349347403512e-01
8.655873368508747445e-01
8.664204387670091378e-01
8.672535406831435312e-01
8.680866425992779245e-01
8.689197445154123178e-01
8.697528464315467112e-01
8.705859483476811045e-01
8.714190502638157199e-01
8.722521521799500022e-01
8.730852540960845065e-01
8.739183560122187888e-01
8.747514579283532932e-01
8.755845598444875755e-01
8.764176617606220798e-01
8.772507636767563621e-01
8.780838655928908665e-01
8.789169675090251488e-01
8.797500694251596531e-01
8.805831713412939354e-01
8.814162732574285508e-01
8.822493751735629441e-01
8.830824770896973375e-01
8.839155790058317308e-01
8.847486809219661241e-01
8.855817828381005175e-01
8.864148847542349108e-01
8.872479866703693041e-01
8.880810885865036974e-01
8.889141905026380908e-01
8.897472924187724841e-01
8.905803943349068774e-01
8.914134962510413818e-01
8.922465981671758861e-01
8.930797000833101684e-01
8.939128019994446728e-01
8.947459039155789551e-01
8.955790058317134594e-01
8.964121077478477417e-01
8.972452096639822461e-01
8.980783115801165284e-01
8.989114134962510327e-01
8.997445154123853150e-01
9.005776173285198194e-01
9.014107192446543237e-01
9.022438211607887171e-01
9.030769230769231104e-01
9.039100249930575037e-01
9.047431269091918971e-01
9.055762288253262904e-01
9.064093307414606837e-01
9.072424326575950770e-01
9.080755345737294704e-01
9.089086364898638637e-01
9.097417384059982570e-01
9.105748403221326503e-01
9.114079422382672657e-01
9.122410441544015480e-01
9.130741460705360524e-01
9.139072479866703347e-01
9.147403499028048390e-01
9.155734518189391213e-01
9.164065537350736257e-01
9.172396556512079080e-01
9.180727575673424123e-01
9.189058594834766946e-01
9.197389613996111990e-01
9.205720633157454813e-01
9.214051652318800967e-01
9.222382671480144900e-01
9.230713690641488833e-01
9.239044709802832767e-01
9.247375728964176700e-01
9.255706748125520633e-01
9.264037767286864566e-01
9.272368786448208500e-01
9.280699805609552433e-01
9.289030824770896366e-01
9.297361843932240300e-01
9.305692863093584233e-01
9.314023882254929276e-01
9.322354901416274320e-01
9.330685920577617143e-01
9.339016939738962186e-01
9.347347958900305009e-01
9.355678978061650053e-01
9.364009997222992876e-01
9.372341016384337919e-01
9.380672035545680743e-01
9.389003054707025786e-01
9.397334073868368609e-01
9.405665093029713653e-01
9.413996112191056476e-01
9.422327131352402629e-01
9.430658150513746563e-01
9.438989169675090496e-01
9.447320188836434429e-01
9.455651207997778362e-01
9.463982227159122296e-01
9.472313246320466229e-01
9.480644265481810162e-01
9.488975284643154096e-01
9.497306303804498029e-01
9.505637322965841962e-01
9.513968342127185895e-01
9.522299361288530939e-01
9.530630380449875982e-01
9.538961399611218805e-01
9.547292418772563849e-01
9.555623437933906672e-01
9.563954457095251716e-01
9.572285476256594539e-01
9.580616495417939582e-01
9.588947514579282405e-01
9.597278533740627449e-01
9.605609552901970272e-01
9.613940572063315315e-01
9.622271591224660359e-01
9.630602610386004292e-01
9.638933629547348225e-01
9.647264648708692159e-01
9.655595667870036092e-01
9.663926687031380025e-01
9.672257706192723958e-01
9.680588725354067892e-01
9.688919744515411825e-01
9.697250763676755758e-01
9.705581782838099691e-01
9.713912801999443625e-01
9.722243821160789778e-01
9.730574840322132602e-01
9.738905859483477645e-01
9.747236878644820468e-01
9.755567897806165512e-01
9.763898916967508335e-01
9.772229936128853378e-01
9.780560955290196201e-01
9.788891974451541245e-01
9.797222993612884068e-01
9.805554012774229111e-01
9.813885031935571934e-01
9.822216051096916978e-01
9.830547070258262021e-01
9.838878089419607065e-01
9.847209108580949888e-01
9.855540127742292711e-01
9.863871146903637754e-01
9.872202166064982798e-01
9.880533185226325621e-01
9.888864204387668444e-01
9.897195223549013487e-01
9.905526242710358531e-01
9.913857261871701354e-01
9.922188281033046398e-01
9.930519300194391441e-01
9.938850319355734264e-01
9.947181338517079308e-01
9.955512357678422131e-01
9.963843376839767174e-01
9.972174396001109997e-01
9.980505415162455041e-01
9.988836434323797864e-01
9.997167453485142907e-01
1.000549847264648573e+00
1.001382949180783077e+00
1.002216051096917582e+00
1.003049153013051864e+00
1.003882254929186368e+00
1.004715356845320873e+00
1.005548458761455155e+00
1.006381560677589437e+00
1.007214662593723942e+00
1.008047764509858446e+00
1.008880866425992728e+00
1.009713968342127011e+00
1.010547070258261515e+00
1.011380172174396019e+00
1.012213274090530524e+00
1.013046376006664806e+00
1.013879477922799310e+00
1.014712579838933593e+00
1.015545681755068097e+00
1.016378783671202379e+00
1.017211885587336884e+00
1.018044987503471166e+00
1.018878089419605670e+00
1.019711191335739953e+00
1.020544293251874457e+00
1.021377395168008739e+00
1.022210497084143466e+00
1.023043599000277748e+00
1.023876700916412030e+00
1.024709802832546535e+00
1.025542904748681039e+00
1.026376006664815321e+00
1.027209108580949604e+00
1.028042210497084108e+00
1.028875312413218612e+00
1.029708414329352895e+00
1.030541516245487177e+00
1.031374618161621681e+00
1.032207720077756186e+00
1.033040821993890690e+00
1.033873923910024972e+00
1.034707025826159477e+00
1.035540127742293759e+00
1.036373229658428263e+00
1.037206331574562546e+00
1.038039433490697050e+00
1.038872535406831332e+00
1.039705637322965837e+00
1.040538739239100119e+00
1.041371841155234623e+00
1.042204943071369128e+00
1.043038044987503632e+00
1.043871146903637914e+00
1.044704248819772197e+00
1.045537350735906701e+00
1.046370452652041205e+00
1.047203554568175488e+00
1.048036656484309770e+00
1.048869758400444274e+00
1.049702860316578779e+00
1.050535962232713061e+00
1.051369064148847343e+00
1.052202166064982070e+00
1.053035267981116352e+00
1.053868369897250856e+00
1.054701471813385139e+00
1.055534573729519643e+00
1.056367675645653925e+00
1.057200777561788430e+00
1.058033879477922712e+00
1.058866981394057216e+00
1.059700083310191498e+00
1.060533185226326003e+00
1.061366287142460285e+00
1.062199389058594790e+00
1.063032490974729294e+00
1.063865592890863798e+00
1.064698694806998081e+00
1.065531796723132363e+00
1.066364898639266867e+00
1.067198000555401372e+00
1.068031102471535654e+00
1.068864204387669936e+00
1.069697306303804440e+00
1.070530408219938945e+00
1.071363510136073227e+00
1.072196612052207509e+00
1.073029713968342236e+00
1.073862815884476518e+00
1.074695917800611022e+00
1.075529019716745305e+00
1.076362121632879809e+00
1.077195223549014091e+00
1.078028325465148596e+00
1.078861427381282878e+00
1.079694529297417382e+00
1.080527631213551665e+00
1.081360733129686169e+00
1.082193835045820451e+00
1.083026936961954956e+00
1.083860038878089460e+00
1.084693140794223964e+00
1.085526242710358247e+00
1.086359344626492529e+00
1.087192446542627033e+00
1.088025548458761538e+00
1.088858650374895820e+00
1.089691752291030102e+00
1.090524854207164607e+00
1.091357956123299111e+00
1.092191058039433393e+00
1.093024159955567898e+00
1.093857261871702402e+00
1.094690363787836684e+00
1.095523465703971189e+00
1.096356567620105471e+00
1.097189669536239975e+00
1.098022771452374258e+00
1.098855873368508762e+00
1.099688975284643044e+00
1.100522077200777549e+00
1.101355179116911831e+00
1.102188281033046335e+00
1.103021382949180840e+00
1.103854484865315122e+00
1.104687586781449626e+00
1.105520688697584131e+00
1.106353790613718413e+00
1.107186892529852695e+00
1.108019994445987200e+00
1.108853096362121704e+00
1.109686198278255986e+00
1.110519300194390269e+00
1.111352402110524773e+00
1.112185504026659277e+00
1.113018605942793782e+00
1.113851707858928064e+00
1.114684809775062568e+00
1.115517911691196851e+00
1.116351013607331355e+00
1.117184115523465637e+00
1.118017217439600142e+00
1.118850319355734424e+00
1.119683421271868928e+00
1.120516523188003211e+00
1.121349625104137715e+00
1.122182727020271997e+00
1.123015828936406724e+00
1.123848930852541006e+00
1.124682032768675288e+00
1.125515134684809793e+00
1.126348236600944297e+00
1.127181338517078579e+00
1.128014440433212862e+00
1.128847542349347366e+00
1.129680644265481870e+00
1.130513746181616153e+00
1.131346848097750435e+00
1.132179950013884939e+00
1.133013051930019444e+00
1.133846153846153948e+00
1.134679255762288230e+00
1.135512357678422735e+00
1.136345459594557017e+00
1.137178561510691521e+00
1.138011663426825804e+00
1.138844765342960308e+00
1.139677867259094590e+00
1.140510969175229095e+00
1.141344071091363377e+00
1.142177173007497881e+00
1.143010274923632386e+00
1.143843376839766890e+00
1.144676478755901172e+00
1.145509580672035455e+00
1.146342682588169959e+00
1.147175784504304463e+00
1.148008886420438746e+00
1.148841988336573028e+00
1.149675090252707532e+00
1.150508192168842037e+00
1.151341294084976319e+00
1.152174396001110601e+00
1.153007497917245328e+00
1.153840599833379610e+00
1.154673701749514114e+00
1.155506803665648397e+00
1.156339905581782901e+00
1.157173007497917183e+00
1.158006109414051688e+00
1.158839211330185970e+00
1.159672313246320474e+00
1.160505415162454756e+00
1.161338517078589261e+00
1.162171618994723543e+00
1.163004720910858047e+00
1.163837822826992552e+00
1.164670924743127056e+00
1.165504026659261338e+00
1.166337128575395621e+00
1.167170230491530125e+00
1.168003332407664629e+00
1.168836434323798912e+00
1.169669536239933194e+00
1.170502638156067698e+00
1.171335740072202203e+00
1.172168841988336485e+00
1.173001943904470989e+00
1.173835045820605494e+00
1.174668147736739776e+00
1.175501249652874280e+00
1.176334351569008563e+00
1.177167453485143067e+00
1.178000555401277349e+00
1.178833657317411854e+00
1.179666759233546136e+00
1.180499861149680640e+00
1.181332963065814923e+00
1.182166064981949427e+00
1.182999166898083709e+00
1.183832268814218214e+00
1.184665370730352718e+00
1.185498472646487222e+00
1.186331574562621505e+00
1.187164676478755787e+00
1.187997778394890291e+00
1.188830880311024796e+00
1.189663982227159078e+00
1.190497084143293360e+00
1.191330186059427865e+00
1.192163287975562369e+00
1.192996389891696651e+00
1.193829491807831156e+00
1.194662593723965660e+00
1.195495695640099942e+00
1.196328797556234447e+00
1.197161899472368729e+00
1.197995001388503233e+00
1.198828103304637516e+00
1.199661205220772020e+00
1.200494307136906302e+00
1.201327409053040807e+00
1.202160510969175089e+00
1.202993612885309593e+00
1.203826714801444098e+00
1.204659816717578380e+00
1.205492918633712884e+00
1.206326020549847389e+00
1.207159122465981671e+00
1.207992224382115953e+00
1.208825326298250458e+00
1.209658428214384962e+00
1.210491530130519244e+00
1.211324632046653527e+00
1.212157733962788031e+00
1.212990835878922535e+00
1.213823937795057040e+00
1.214657039711191322e+00
1.215490141627325826e+00
1.216323243543460109e+00
1.217156345459594613e+00
1.217989447375728895e+00
1.218822549291863400e+00
1.219655651207997682e+00
1.220488753124132186e+00
1.221321855040266469e+00
1.222154956956400973e+00
1.222988058872535255e+00
1.223821160788669982e+00
1.224654262704804264e+00
1.225487364620938546e+00
1.226320466537073051e+00
1.227153568453207555e+00
1.227986670369341837e+00
1.228819772285476120e+00
1.229652874201610624e+00
1.230485976117745128e+00
1.231319078033879411e+00
1.232152179950013693e+00
1.232985281866148197e+00
1.233818383782282702e+00
1.234651485698417206e+00
1.235484587614551488e+00
1.236317689530685993e+00
1.237150791446820275e+00
1.237983893362954779e+00
1.238816995279089062e+00
1.239650097195223566e+00
1.240483199111357848e+00
1.241316301027492353e+00
1.242149402943626635e+00
1.242982504859761139e+00
1.243815606775895644e+00
1.244648708692030148e+00
1.245481810608164430e+00
1.246314912524298713e+00
1.247148014440433217e+00
1.247981116356567721e+00
1.248814218272702004e+00
1.249647320188836286e+00
1.250480422104970790e+00
1.251313524021105295e+00
1.252146625937239577e+00
1.252979727853373859e+00
1.253812829769508586e+00
1.254645931685642868e+00
1.255479033601777372e+00
1.256312135517911655e+00
1.257145237434046159e+00
1.257978339350180441e+00
1.258811441266314946e+00
1.259644543182449228e+00
1.260477645098583732e+00
1.261310747014718014e+00
1.262143848930852519e+00
1.262976950846986801e+00
1.263810052763121305e+00
1.264643154679255810e+00
1.265476256595390314e+00
1.266309358511524596e+00
1.267142460427658879e+00
1.267975562343793383e+00
1.268808664259927887e+00
1.269641766176062170e+00
1.270474868092196452e+00
1.271307970008330956e+00
1.272141071924465461e+00
1.272974173840599743e+00
1.273807275756734247e+00
1.274640377672868752e+00
1.275473479589003034e+00
1.276306581505137538e+00
1.277139683421271821e+00
1.277972785337406325e+00
1.278805887253540607e+00
1.279638989169675112e+00
1.280472091085809394e+00
1.281305193001943898e+00
1.282138294918078181e+00
1.282971396834212685e+00
1.283804498750347189e+00
1.284637600666481472e+00
1.285470702582615976e+00
1.286303804498750480e+00
1.287136906414884763e+00
1.287970008331019045e+00
1.288803110247153549e+00
1.289636212163288054e+00
1.290469314079422336e+00
1.291302415995556618e+00
1.292135517911691123e+00
1.292968619827825627e+00
1.293801721743960131e+00
1.294634823660094414e+00
1.295467925576228918e+00
1.296301027492363200e+00
1.297134129408497705e+00
1.297967231324631987e+00
1.298800333240766491e+00
1.299633435156900774e+00
1.300466537073035278e+00
1.301299638989169560e+00
1.302132740905304065e+00
1.302965842821438347e+00
1.303798944737572851e+00
1.304632046653707356e+00
1.305465148569841638e+00
1.306298250485976142e+00
1.307131352402110647e+00
1.307964454318244929e+00
1.308797556234379211e+00
1.309630658150513716e+00
1.310463760066648220e+00
1.311296861982782502e+00
1.312129963898916785e+00
1.312963065815051289e+00
1.313796167731185793e+00
1.314629269647320298e+00
1.315462371563454580e+00
1.316295473479589084e+00
1.317128575395723367e+00
1.317961677311857871e+00
1.318794779227992153e+00
1.319627881144126658e+00
1.320460983060260940e+00
1.321294084976395444e+00
1.322127186892529727e+00
1.322960288808664231e+00
1.323793390724798513e+00
1.324626492640933240e+00
1.325459594557067522e+00
1.326292696473201804e+00
1.327125798389336309e+00
1.327958900305470813e+00
1.328792002221605095e+00
1.329625104137739378e+00
1.330458206053873882e+00
1.331291307970008386e+00
1.332124409886142669e+00
1.332957511802276951e+00
1.333790613718411455e+00
1.334623715634545960e+00
1.335456817550680464e+00
1.336289919466814746e+00
1.337123021382949251e+00
1.337956123299083533e+00
1.338789225215218037e+00
1.339622327131352320e+00
1.340455429047486824e+00
1.341288530963621106e+00
1.342121632879755611e+00
1.342954734795889893e+00
1.343787836712024397e+00
1.344620938628158902e+00
1.345454040544293406e+00
1.346287142460427688e+00
1.347120244376561971e+00
1.347953346292696475e+00
1.348786448208830979e+00
1.349619550124965262e+00
1.350452652041099544e+00
1.351285753957234048e+00
1.352118855873368553e+00
1.352951957789502835e+00
1.353785059705637117e+00
1.354618161621771844e+00
1.355451263537906126e+00
1.356284365454040630e+00
1.357117467370174912e+00
1.357950569286309417e+00
1.358783671202443699e+00
1.359616773118578203e+00
1.360449875034712486e+00
1.361282976950846990e+00
1.362116078866981272e+00
1.362949180783115777e+00
1.363782282699250059e+00
1.364615384615384563e+00
1.365448486531519068e+00
1.366281588447653572e+00
1.367114690363787854e+00
1.367947792279922137e+00
1.368780894196056641e+00
1.369613996112191145e+00
1.370447098028325428e+00
1.371280199944459710e+00
1.372113301860594214e+00
1.372946403776728719e+00
1.373779505692863001e+00
1.374612607608997505e+00
1.375445709525132010e+00
1.376278811441266292e+00
1.377111913357400796e+00
1.377945015273535079e+00
1.378778117189669583e+00
1.379611219105803865e+00
1.380444321021938370e+00
1.381277422938072652e+00
1.382110524854207156e+00
1.382943626770341439e+00
1.383776728686475943e+00
1.384609830602610447e+00
1.385442932518744730e+00
1.386276034434879234e+00
1.387109136351013738e+00
1.387942238267148021e+00
1.388775340183282303e+00
1.389608442099416807e+00
1.390441544015551312e+00
1.391274645931685594e+00
1.392107747847819876e+00
1.392940849763954381e+00
1.393773951680088885e+00
1.394607053596223389e+00
1.395440155512357672e+00
1.396273257428492176e+00
1.397106359344626458e+00
1.397939461260760963e+00
1.398772563176895245e+00
1.399605665093029749e+00
1.400438767009164032e+00
1.401271868925298536e+00
1.402104970841432818e+00
1.402938072757567323e+00
1.403771174673701605e+00
1.404604276589836331e+00
1.405437378505970614e+00
1.406270480422104896e+00
1.407103582338239400e+00
1.407936684254373905e+00
1.408769786170508187e+00
1.409602888086642469e+00
1.410435990002776974e+00
1.411269091918911478e+00
1.412102193835045760e+00
1.412935295751180043e+00
1.413768397667314547e+00
1.414601499583449051e+00
1.415434601499583556e+00
1.416267703415717838e+00
1.417100805331852342e+00
1.417933907247986625e+00
1.418767009164121129e+00
1.419600111080255411e+00
1.420433212996389916e+00
1.421266314912524198e+00
1.422099416828658702e+00
1.422932518744792985e+00
1.423765620660927489e+00
1.424598722577061771e+00
1.425431824493196498e+00
1.426264926409330780e+00
1.427098028325465062e+00
1.427931130241599567e+00
1.428764232157734071e+00
1.429597334073868353e+00
1.430430435990002636e+00
1.431263537906137140e+00
1.432096639822271644e+00
1.432929741738405927e+00
1.433762843654540209e+00
1.434595945570674713e+00
1.435429047486809218e+00
1.436262149402943722e+00
1.437095251319078004e+00
1.437928353235212509e+00
1.438761455151346791e+00
1.439594557067481295e+00
1.440427658983615578e+00
1.441260760899750082e+00
1.442093862815884364e+00
1.442926964732018869e+00
1.443760066648153151e+00
1.444593168564287655e+00
1.445426270480422160e+00
1.446259372396556664e+00
1.447092474312690946e+00
1.447925576228825228e+00
1.448758678144959733e+00
1.449591780061094237e+00
1.450424881977228520e+00
1.451257983893362802e+00
1.452091085809497306e+00
1.452924187725631811e+00
1.453757289641766093e+00
1.454590391557900375e+00
1.455423493474035102e+00
1.456256595390169384e+00
1.457089697306303888e+00
1.457922799222438170e+00
1.458755901138572675e+00
1.459589003054706957e+00
1.460422104970841461e+00
1.461255206886975744e+00
1.462088308803110248e+00
1.462921410719244530e+00
1.463754512635379035e+00
1.464587614551513317e+00
1.465420716467647821e+00
1.466253818383782326e+00
1.467086920299916830e+00
1.467920022216051112e+00
1.468753124132185395e+00
1.469586226048319899e+00
1.470419327964454403e+00
1.471252429880588686e+00
1.472085531796722968e+00
1.472918633712857472e+00
1.473751735628991977e+00
1.474584837545126259e+00
1.475417939461260763e+00
1.476251041377395268e+00
1.477084143293529550e+00
1.477917245209664054e+00
1.478750347125798337e+00
1.479583449041932841e+00
1.480416550958067345e+00
1.481249652874201850e+00
1.482082754790336132e+00
1.482915856706470414e+00
1.483748958622604919e+00
1.484582060538739423e+00
1.485415162454873705e+00
1.486248264371007988e+00
1.487081366287142492e+00
1.487914468203276996e+00
1.488747570119411279e+00
1.489580672035545561e+00
1.490413773951680065e+00
1.491246875867814570e+00
1.492079977783948852e+00
1.492913079700083134e+00
1.493746181616217639e+00
1.494579283532352143e+00
1.495412385448486425e+00
1.496245487364620708e+00
1.497078589280755212e+00
1.497911691196889716e+00
1.498744793113023999e+00
1.499577895029158281e+00
1.500410996945293007e+00
1.501244098861427512e+00
1.502077200777562016e+00
1.502910302693696298e+00
1.503743404609830581e+00
1.504576506525965085e+00
1.505409608442099589e+00
1.506242710358233872e+00
1.507075812274368154e+00
1.507908914190502658e+00
1.508742016106637163e+00
1.509575118022771445e+00
1.510408219938905727e+00
1.511241321855040232e+00
1.512074423771174736e+00
1.512907525687309018e+00
1.513740627603443301e+00
1.514573729519577805e+00
1.515406831435712309e+00
1.516239933351846592e+00
1.517073035267980874e+00
1.517906137184115378e+00
1.518739239100249883e+00
1.519572341016384165e+00
1.520405442932518891e+00
1.521238544848653174e+00
1.522071646764787678e+00
1.522904748680922182e+00
1.523737850597056465e+00
1.524570952513190747e+00
1.525404054429325251e+00
1.526237156345459756e+00
1.527070258261594038e+00
1.527903360177728320e+00
1.528736462093862825e+00
1.529569564009997329e+00
1.530402665926131611e+00
1.531235767842265894e+00
1.532068869758400398e+00
1.532901971674534902e+00
1.533735073590669185e+00
1.534568175506803467e+00
1.535401277422937971e+00
1.536234379339072476e+00
1.537067481255206758e+00
1.537900583171341040e+00
1.538733685087475545e+00
1.539566787003610049e+00
1.540399888919744331e+00
1.541232990835879058e+00
1.542066092752013340e+00
1.542899194668147844e+00
1.543732296584282349e+00
1.544565398500416631e+00
1.545398500416550913e+00
1.546231602332685418e+00
1.547064704248819922e+00
1.547897806164954204e+00
1.548730908081088486e+00
1.549564009997222991e+00
1.550397111913357495e+00
1.551230213829491777e+00
1.552063315745626060e+00
1.552896417661760564e+00
1.553729519577895068e+00
1.554562621494029351e+00
1.555395723410163633e+00
1.556228825326298137e+00
1.557061927242432642e+00
1.557895029158566924e+00
1.558728131074701206e+00
1.559561232990835711e+00
1.560394334906970215e+00
1.561227436823104942e+00
1.562060538739239224e+00
1.562893640655373506e+00
1.563726742571508010e+00
1.564559844487642515e+00
1.565392946403776797e+00
1.566226048319911079e+00
1.567059150236045584e+00
1.567892252152180088e+00
1.568725354068314370e+00
1.569558455984448653e+00
1.570391557900583157e+00
1.571224659816717661e+00
1.572057761732851944e+00
1.572890863648986226e+00
1.573723965565120730e+00
1.574557067481255235e+00
1.575390169397389517e+00
1.576223271313523799e+00
1.577056373229658304e+00
1.577889475145792808e+00
1.578722577061927090e+00
1.579555678978061373e+00
1.580388780894195877e+00
1.581221882810330603e+00
1.582054984726465108e+00
1.582888086642599390e+00
1.583721188558733672e+00
1.584554290474868177e+00
1.585387392391002681e+00
1.586220494307136963e+00
1.587053596223271246e+00
1.587886698139405750e+00
1.588719800055540254e+00
1.589552901971674537e+00
1.590386003887808819e+00
1.591219105803943323e+00
1.592052207720077828e+00
1.592885309636212110e+00
1.593718411552346392e+00
1.594551513468480897e+00
1.595384615384615401e+00
1.596217717300749683e+00
1.597050819216883966e+00
1.597883921133018470e+00
1.598717023049152974e+00
1.599550124965287257e+00
1.600383226881421539e+00
1.601216328797556265e+00
1.602049430713690770e+00
1.602882532629825274e+00
1.603715634545959556e+00
1.604548736462093839e+00
1.605381838378228343e+00
1.606214940294362847e+00
1.607048042210497130e+00
1.607881144126631412e+00
1.608714246042765916e+00
1.609547347958900421e+00
1.610380449875034703e+00
1.611213551791168985e+00
1.612046653707303490e+00
1.612879755623437994e+00
1.613712857539572276e+00
1.614545959455706559e+00
1.615379061371841063e+00
1.616212163287975567e+00
1.617045265204109850e+00
1.617878367120244132e+00
1.618711469036378636e+00
1.619544570952513141e+00
1.620377672868647423e+00
1.621210774784782149e+00
1.622043876700916432e+00
1.622876978617050936e+00
1.623710080533185440e+00
1.624543182449319723e+00
1.625376284365454005e+00
1.626209386281588509e+00
1.627042488197723014e+00
1.627875590113857296e+00
1.628708692029991578e+00
1.629541793946126083e+00
1.630374895862260587e+00
1.631207997778394869e+00
1.632041099694529152e+00
1.632874201610663656e+00
1.633707303526798160e+00
1.634540405442932443e+00
1.635373507359066725e+00
1.636206609275201229e+00
1.637039711191335734e+00
1.637872813107470016e+00
1.638705915023604298e+00
1.639539016939738802e+00
1.640372118855873307e+00
1.641205220772008033e+00
1.642038322688142316e+00
1.642871424604276598e+00
1.643704526520411102e+00
1.644537628436545607e+00
1.645370730352679889e+00
1.646203832268814171e+00
1.647036934184948676e+00
1.647870036101083180e+00
1.648703138017217462e+00
1.649536239933351744e+00
1.650369341849486249e+00
1.651202443765620753e+00
1.652035545681755035e+00
1.652868647597889318e+00
1.653701749514023822e+00
1.654534851430158326e+00
1.655367953346292609e+00
1.656201055262426891e+00
1.657034157178561395e+00
1.657867259094695900e+00
1.658700361010830182e+00
1.659533462926964464e+00
1.660366564843098969e+00
1.661199666759233473e+00
1.662032768675368199e+00
1.662865870591502482e+00
1.663698972507636764e+00
1.664532074423771268e+00
1.665365176339905773e+00
1.666198278256040055e+00
1.667031380172174337e+00
1.667864482088308842e+00
1.668697584004443346e+00
1.669530685920577628e+00
1.670363787836711911e+00
1.671196889752846415e+00
1.672029991668980919e+00
1.672863093585115202e+00
1.673696195501249484e+00
1.674529297417383988e+00
1.675362399333518493e+00
1.676195501249652775e+00
1.677028603165787057e+00
1.677861705081921562e+00
1.678694806998056066e+00
1.679527908914190348e+00
1.680361010830324631e+00
1.681194112746459135e+00
1.682027214662593861e+00
1.682860316578728366e+00
1.683693418494862648e+00
1.684526520410996930e+00
1.685359622327131435e+00
1.686192724243265939e+00
1.687025826159400221e+00
1.687858928075534504e+00
1.688692029991669008e+00
1.689525131907803512e+00
1.690358233823937795e+00
1.691191335740072077e+00
1.692024437656206581e+00
1.692857539572341086e+00
1.693690641488475368e+00
1.694523743404609650e+00
1.695356845320744155e+00
1.696189947236878659e+00
1.697023049153012941e+00
1.697856151069147224e+00
1.698689252985281728e+00
1.699522354901416232e+00
1.700355456817550515e+00
1.701188558733684797e+00
1.702021660649819523e+00
1.702854762565954028e+00
1.703687864482088532e+00
1.704520966398222814e+00
1.705354068314357097e+00
1.706187170230491601e+00
1.707020272146626105e+00
1.707853374062760388e+00
1.708686475978894670e+00
1.709519577895029174e+00
1.710352679811163679e+00
1.711185781727297961e+00
1.712018883643432243e+00
1.712851985559566748e+00
1.713685087475701252e+00
1.714518189391835534e+00
1.715351291307969817e+00
1.716184393224104321e+00
1.717017495140238825e+00
1.717850597056373108e+00
1.718683698972507390e+00
1.719516800888641894e+00
1.720349902804776399e+00
1.721183004720910681e+00
1.722016106637045407e+00
1.722849208553179690e+00
1.723682310469314194e+00
1.724515412385448698e+00
1.725348514301582981e+00
1.726181616217717263e+00
1.727014718133851767e+00
1.727847820049986272e+00
1.728680921966120554e+00
1.729514023882254836e+00
1.730347125798389341e+00
1.731180227714523845e+00
1.732013329630658127e+00
1.732846431546792410e+00
1.733679533462926914e+00
1.734512635379061418e+00
1.735345737295195701e+00
1.736178839211329983e+00
1.737011941127464487e+00
1.737845043043598992e+00
1.738678144959733274e+00
1.739511246875867556e+00
1.740344348792002060e+00
1.741177450708136565e+00
1.742010552624271291e+00
1.742843654540405574e+00
1.743676756456539856e+00
1.744509858372674360e+00
1.745342960288808865e+00
1.746176062204943147e+00
1.747009164121077429e+00
1.747842266037211933e+00
1.748675367953346438e+00
1.749508469869480720e+00
1.750341571785615002e+00
1.751174673701749507e+00
1.752007775617884011e+00
1.752840877534018293e+00
1.753673979450152576e+00
1.754507081366287080e+00
1.755340183282421584e+00
1.756173285198555867e+00
1.757006387114690149e+00
1.757839489030824653e+00
1.758672590946959158e+00
1.759505692863093440e+00
1.760338794779227722e+00
1.761171896695362227e+00
1.762004998611496953e+00
1.762838100527631457e+00
1.763671202443765740e+00
1.764504304359900022e+00
1.765337406276034526e+00
1.766170508192169031e+00
1.767003610108303313e+00
1.767836712024437595e+00
1.768669813940572100e+00
1.769502915856706604e+00
1.770336017772840886e+00
1.771169119688975169e+00
1.772002221605109673e+00
1.772835323521244177e+00
1.773668425437378460e+00
1.774501527353512742e+00
1.775334629269647246e+00
1.776167731185781751e+00
1.777000833101916033e+00
1.777833935018050315e+00
1.778667036934184820e+00
1.779500138850319324e+00
1.780333240766453606e+00
1.781166342682587889e+00
1.781999444598722393e+00
1.782832546514857119e+00
1.783665648430991624e+00
1.784498750347125906e+00
1.785331852263260188e+00
1.786164954179394693e+00
1.786998056095529197e+00
1.787831158011663479e+00
1.788664259927797762e+00
1.789497361843932266e+00
1.790330463760066770e+00
1.791163565676201053e+00
1.791996667592335335e+00
1.792829769508469839e+00
1.793662871424604344e+00
1.794495973340738626e+00
1.795329075256872908e+00
1.796162177173007413e+00
1.796995279089141917e+00
1.797828381005276199e+00
1.798661482921410482e+00
1.799494584837544986e+00
1.800327686753679490e+00
1.801160788669813773e+00
1.801993890585948055e+00
1.802826992502082781e+00
1.803660094418217286e+00
1.804493196334351790e+00
1.805326298250486072e+00
1.806159400166620355e+00
1.806992502082754859e+00
1.807825603998889363e+00
1.808658705915023646e+00
1.809491807831157928e+00
1.810324909747292432e+00
1.811158011663426937e+00
1.811991113579561219e+00
1.812824215495695501e+00
1.813657317411830006e+00
1.814490419327964510e+00
1.815323521244098792e+00
1.816156623160233075e+00
1.816989725076367579e+00
1.817822826992502083e+00
1.818655928908636366e+00
1.819489030824770648e+00
1.820322132740905152e+00
1.821155234657039657e+00
1.821988336573173939e+00
1.822821438489308665e+00
1.823654540405442948e+00
1.824487642321577452e+00
1.825320744237711956e+00
1.826153846153846239e+00
1.826986948069980521e+00
1.827820049986115025e+00
1.828653151902249530e+00
1.829486253818383812e+00
1.830319355734518094e+00
1.831152457650652599e+00
1.831985559566787103e+00
1.832818661482921385e+00
1.833651763399055667e+00
1.834484865315190172e+00
1.835317967231324676e+00
1.836151069147458958e+00
1.836984171063593241e+00
1.837817272979727745e+00
1.838650374895862250e+00
1.839483476811996532e+00
1.840316578728130814e+00
1.841149680644265318e+00
1.841982782560399823e+00
1.842815884476534549e+00
1.843648986392668832e+00
1.844482088308803114e+00
1.845315190224937618e+00
1.846148292141072123e+00
1.846981394057206405e+00
1.847814495973340687e+00
1.848647597889475191e+00
1.849480699805609696e+00
1.850313801721743978e+00
1.851146903637878260e+00
1.851980005554012765e+00
1.852813107470147269e+00
1.853646209386281551e+00
1.854479311302415834e+00
1.855312413218550338e+00
1.856145515134684842e+00
1.856978617050819125e+00
1.857811718966953407e+00
1.858644820883087911e+00
1.859477922799222416e+00
1.860311024715356698e+00
1.861144126631490980e+00
1.861977228547625485e+00
1.862810330463760211e+00
1.863643432379894715e+00
1.864476534296028998e+00
1.865309636212163280e+00
1.866142738128297784e+00
1.866975840044432289e+00
1.867808941960566571e+00
1.868642043876700853e+00
1.869475145792835358e+00
1.870308247708969862e+00
1.871141349625104144e+00
1.871974451541238427e+00
1.872807553457372931e+00
1.873640655373507435e+00
1.874473757289641718e+00
1.875306859205776000e+00
1.876139961121910504e+00
1.876973063038045009e+00
1.877806164954179291e+00
1.878639266870313573e+00
1.879472368786448078e+00
1.880305470702582582e+00
1.881138572618716864e+00
1.881971674534851147e+00
1.882804776450985873e+00
1.883637878367120377e+00
1.884470980283254882e+00
1.885304082199389164e+00
1.886137184115523446e+00
1.886970286031657951e+00
1.887803387947792455e+00
1.888636489863926737e+00
1.889469591780061020e+00
1.890302693696195524e+00
1.891135795612330028e+00
1.891968897528464311e+00
1.892801999444598593e+00
1.893635101360733097e+00
1.894468203276867602e+00
1.895301305193001884e+00
1.896134407109136166e+00
1.896967509025270671e+00
1.897800610941405175e+00
1.898633712857539457e+00
1.899466814773673740e+00
1.900299916689808244e+00
1.901133018605942748e+00
1.901966120522077031e+00
1.902799222438211313e+00
1.903632324354346039e+00
1.904465426270480544e+00
1.905298528186615048e+00
1.906131630102749330e+00
1.906964732018883613e+00
1.907797833935018117e+00
1.908630935851152621e+00
1.909464037767286904e+00
1.910297139683421186e+00
1.911130241599555690e+00
1.911963343515690195e+00
1.912796445431824477e+00
1.913629547347958759e+00
1.914462649264093264e+00
1.915295751180227768e+00
1.916128853096362050e+00
1.916961955012496333e+00
1.917795056928630837e+00
1.918628158844765341e+00
1.919461260760899624e+00
1.920294362677033906e+00
1.921127464593168410e+00
1.921960566509302915e+00
1.922793668425437197e+00
1.923626770341571923e+00
1.924459872257706206e+00
1.925292974173840710e+00
1.926126076089975214e+00
1.926959178006109497e+00
1.927792279922243779e+00
1.928625381838378283e+00
1.929458483754512788e+00
1.930291585670647070e+00
1.931124687586781352e+00
1.931957789502915857e+00
1.932790891419050361e+00
1.933623993335184643e+00
1.934457095251318925e+00
1.935290197167453430e+00
1.936123299083587934e+00
1.936956400999722216e+00
1.937789502915856499e+00
1.938622604831991003e+00
1.939455706748125507e+00
1.940288808664259790e+00
1.941121910580394072e+00
1.941955012496528576e+00
1.942788114412663081e+00
1.943621216328797807e+00
1.944454318244932089e+00
1.945287420161066372e+00
1.946120522077200876e+00
1.946953623993335381e+00
1.947786725909469663e+00
1.948619827825603945e+00
1.949452929741738449e+00
1.950286031657872954e+00
1.951119133574007236e+00
1.951952235490141518e+00
1.952785337406276023e+00
1.953618439322410527e+00
1.954451541238544809e+00
1.955284643154679092e+00
1.956117745070813596e+00
1.956950846986948100e+00
1.957783948903082383e+00
1.958617050819216665e+00
1.959450152735351169e+00
1.960283254651485674e+00
1.961116356567619956e+00
1.961949458483754238e+00
1.962782560399888743e+00
1.963615662316023469e+00
1.964448764232157973e+00
1.965281866148292256e+00
1.966114968064426538e+00
1.966948069980561042e+00
1.967781171896695547e+00
1.968614273812829829e+00
1.969447375728964111e+00
1.970280477645098616e+00
1.971113579561233120e+00
1.971946681477367402e+00
1.972779783393501685e+00
1.973612885309636189e+00
1.974445987225770693e+00
1.975279089141904976e+00
1.976112191058039258e+00
1.976945292974173762e+00
1.977778394890308267e+00
1.978611496806442549e+00
1.979444598722576831e+00
1.980277700638711114e+00
1.981110802554845840e+00
1.981943904470980122e+00
1.982777006387114405e+00
1.983610108303249131e+00
1.984443210219383413e+00
1.985276312135518140e+00
1.986109414051652422e+00
1.986942515967786704e+00
1.987775617883921431e+00
1.988608719800055713e+00
1.989441821716189995e+00
1.990274923632324278e+00
1.991108025548458560e+00
1.991941127464593286e+00
1.992774229380727569e+00
1.993607331296861851e+00
1.994440433212996577e+00
1.995273535129130860e+00
1.996106637045265142e+00
1.996939738961399424e+00
1.997772840877533707e+00
1.998605942793668433e+00
1.999439044709802715e+00
2.000272146625936998e+00
2.001105248542071724e+00
2.001938350458206006e+00
2.002771452374340289e+00
2.003604554290475015e+00
2.004437656206609297e+00
2.005270758122744024e+00
2.006103860038878306e+00
2.006936961955012588e+00
2.007770063871146871e+00
2.008603165787281153e+00
2.009436267703415879e+00
2.010269369619550162e+00
2.011102471535684444e+00
2.011935573451819170e+00
2.012768675367953453e+00
2.013601777284087735e+00
2.014434879200222017e+00
2.015267981116356300e+00
2.016101083032491026e+00
2.016934184948625308e+00
2.017767286864759591e+00
2.018600388780894317e+00
2.019433490697028599e+00
2.020266592613162882e+00
2.021099694529297164e+00
2.021932796445431446e+00
2.022765898361566173e+00
2.023599000277700455e+00
2.024432102193835181e+00
2.025265204109969464e+00
2.026098306026103746e+00
2.026931407942238472e+00
2.027764509858372755e+00
2.028597611774507037e+00
2.029430713690641763e+00
2.030263815606776046e+00
2.031096917522910328e+00
2.031930019439044610e+00
2.032763121355178892e+00
2.033596223271313619e+00
2.034429325187447901e+00
2.035262427103582183e+00
2.036095529019716910e+00
2.036928630935851192e+00
2.037761732851985474e+00
2.038594834768119757e+00
2.039427936684254039e+00
2.040261038600388765e+00
2.041094140516523048e+00
2.041927242432657330e+00
2.042760344348792056e+00
2.043593446264926339e+00
2.044426548181061065e+00
2.045259650097195347e+00
2.046092752013329630e+00
2.046925853929464356e+00
2.047758955845598638e+00
2.048592057761732921e+00
2.049425159677867203e+00
2.050258261594001485e+00
2.051091363510136212e+00
2.051924465426270494e+00
2.052757567342404776e+00
2.053590669258539503e+00
2.054423771174673785e+00
2.055256873090808067e+00
2.056089975006942350e+00
2.056923076923076632e+00
2.057756178839211358e+00
2.058589280755345641e+00
2.059422382671479923e+00
2.060255484587614649e+00
2.061088586503748932e+00
2.061921688419883214e+00
2.062754790336017496e+00
2.063587892252151779e+00
2.064420994168286949e+00
2.065254096084421231e+00
2.066087198000555514e+00
2.066920299916689796e+00
2.067753401832824078e+00
2.068586503748958805e+00
2.069419605665093087e+00
2.070252707581227369e+00
2.071085809497362096e+00
2.071918911413496378e+00
2.072752013329630660e+00
2.073585115245764943e+00
2.074418217161899225e+00
2.075251319078033951e+00
2.076084420994168234e+00
2.076917522910302516e+00
2.077750624826437242e+00
2.078583726742571525e+00
2.079416828658705807e+00
2.080249930574840089e+00
2.081083032490974372e+00
2.081916134407109098e+00
2.082749236323243380e+00
2.083582338239377663e+00
2.084415440155512389e+00
2.085248542071646671e+00
2.086081643987781398e+00
2.086914745903915680e+00
2.087747847820049962e+00
2.088580949736184689e+00
2.089414051652318971e+00
2.090247153568453253e+00
2.091080255484587536e+00
2.091913357400721818e+00
2.092746459316856544e+00
2.093579561232990827e+00
2.094412663149125109e+00
2.095245765065259835e+00
2.096078866981394118e+00
2.096911968897528400e+00
2.097745070813662682e+00
2.098578172729796965e+00
2.099411274645931691e+00
2.100244376562065973e+00
2.101077478478200256e+00
2.101910580394334982e+00
2.102743682310469264e+00
2.103576784226603547e+00
2.104409886142738273e+00
2.105242988058872555e+00
2.106076089975007282e+00
2.106909191891141564e+00
2.107742293807275846e+00
2.108575395723410129e+00
2.109408497639544411e+00
2.110241599555679137e+00
2.111074701471813420e+00
2.111907803387947702e+00
2.112740905304082428e+00
2.113574007220216711e+00
2.114407109136350993e+00
2.115240211052485275e+00
2.116073312968619557e+00
2.116906414884754284e+00
2.117739516800888566e+00
2.118572618717022849e+00
2.119405720633157575e+00
2.120238822549291857e+00
2.121071924465426140e+00
2.121905026381560422e+00
2.122738128297694704e+00
2.123571230213829431e+00
2.124404332129964157e+00
2.125237434046098439e+00
2.126070535962232722e+00
2.126903637878367004e+00
2.127736739794501730e+00
2.128569841710636013e+00
2.129402943626770295e+00
2.130236045542905021e+00
2.131069147459039304e+00
2.131902249375173586e+00
2.132735351291307868e+00
2.133568453207442150e+00
2.134401555123576877e+00
2.135234657039711159e+00
2.136067758955845441e+00
2.136900860871980168e+00
2.137733962788114450e+00
2.138567064704248732e+00
2.139400166620383015e+00
2.140233268536517297e+00
2.141066370452652023e+00
2.141899472368786306e+00
2.142732574284920588e+00
2.143565676201055314e+00
2.144398778117189597e+00
2.145231880033324323e+00
2.146064981949458605e+00
2.146898083865592888e+00
2.147731185781727614e+00
2.148564287697861896e+00
2.149397389613996179e+00
2.150230491530130461e+00
2.151063593446264743e+00
2.151896695362399470e+00
2.152729797278533752e+00
2.153562899194668034e+00
2.154396001110802761e+00
2.155229103026937043e+00
2.156062204943071325e+00
2.156895306859205608e+00
2.157728408775339890e+00
2.158561510691474616e+00
2.159394612607608899e+00
2.160227714523743181e+00
2.161060816439877907e+00
2.161893918356012190e+00
2.162727020272146472e+00
2.163560122188280754e+00
2.164393224104415037e+00
2.165226326020550207e+00
2.166059427936684489e+00
2.166892529852818772e+00
2.167725631768953054e+00
2.168558733685087336e+00
2.169391835601222063e+00
2.170224937517356345e+00
2.171058039433490627e+00
2.171891141349625354e+00
2.172724243265759636e+00
2.173557345181893918e+00
2.174390447098028201e+00
2.175223549014162483e+00
2.176056650930297209e+00
2.176889752846431492e+00
2.177722854762565774e+00
2.178555956678700500e+00
2.179389058594834783e+00
2.180222160510969065e+00
2.181055262427103347e+00
2.181888364343237630e+00
2.182721466259372356e+00
2.183554568175506638e+00
2.184387670091640921e+00
2.185220772007775647e+00
2.186053873923909929e+00
2.186886975840044656e+00
2.187720077756178938e+00
2.188553179672313220e+00
2.189386281588447947e+00
2.190219383504582229e+00
2.191052485420716511e+00
2.191885587336850794e+00
2.192718689252985076e+00
2.193551791169119802e+00
2.194384893085254085e+00
2.195217995001388367e+00
2.196051096917523093e+00
2.196884198833657376e+00
2.197717300749791658e+00
2.198550402665925940e+00
2.199383504582060223e+00
2.200216606498194949e+00
2.201049708414329231e+00
2.201882810330463514e+00
2.202715912246598240e+00
2.203549014162732522e+00
2.204382116078866805e+00
2.205215217995001531e+00
2.206048319911135813e+00
2.206881421827270540e+00
2.207714523743404822e+00
2.208547625659539104e+00
2.209380727575673387e+00
2.210213829491807669e+00
2.211046931407942395e+00
2.211880033324076678e+00
2.212713135240210960e+00
2.213546237156345686e+00
2.214379339072479969e+00
2.215212440988614251e+00
2.216045542904748533e+00
2.216878644820882815e+00
2.217711746737017542e+00
2.218544848653151824e+00
2.219377950569286106e+00
2.220211052485420833e+00
2.221044154401555115e+00
2.221877256317689397e+00
2.222710358233823680e+00
2.223543460149957962e+00
2.224376562066092688e+00
2.225209663982227415e+00
2.226042765898361697e+00
2.226875867814495980e+00
2.227708969730630262e+00
2.228542071646764988e+00
2.229375173562899271e+00
2.230208275479033553e+00
2.231041377395168279e+00
2.231874479311302562e+00
2.232707581227436844e+00
2.233540683143571126e+00
2.234373785059705408e+00
2.235206886975840135e+00
2.236039988891974417e+00
2.236873090808108699e+00
2.237706192724243426e+00
2.238539294640377708e+00
2.239372396556511990e+00
2.240205498472646273e+00
2.241038600388780555e+00
2.241871702304915281e+00
2.242704804221049564e+00
2.243537906137183846e+00
2.244371008053318572e+00
2.245204109969452855e+00
2.246037211885587581e+00
2.246870313801721863e+00
2.247703415717856146e+00
2.248536517633990872e+00
2.249369619550125154e+00
2.250202721466259437e+00
2.251035823382393719e+00
2.251868925298528001e+00
2.252702027214662728e+00
2.253535129130797010e+00
2.254368231046931292e+00
2.255201332963066019e+00
2.256034434879200301e+00
2.256867536795334583e+00
2.257700638711468866e+00
2.258533740627603148e+00
2.259366842543737874e+00
2.260199944459872157e+00
2.261033046376006439e+00
2.261866148292141165e+00
2.262699250208275448e+00
2.263532352124409730e+00
2.264365454040544012e+00
2.265198555956678295e+00
2.266031657872813465e+00
2.266864759788947747e+00
2.267697861705082030e+00
2.268530963621216312e+00
2.269364065537350594e+00
2.270197167453485321e+00
2.271030269369619603e+00
2.271863371285753885e+00
2.272696473201888612e+00
2.273529575118022894e+00
2.274362677034157176e+00
2.275195778950291459e+00
2.276028880866425741e+00
2.276861982782560467e+00
2.277695084698694750e+00
2.278528186614829032e+00
2.279361288530963758e+00
2.280194390447098041e+00
2.281027492363232323e+00
2.281860594279366605e+00
2.282693696195500888e+00
2.283526798111635614e+00
2.284359900027769896e+00
2.285193001943904179e+00
2.286026103860038905e+00
2.286859205776173187e+00
2.287692307692307914e+00
2.288525409608442196e+00
2.289358511524576478e+00
2.290191613440711205e+00
2.291024715356845487e+00
2.291857817272979769e+00
2.292690919189114052e+00
2.293524021105248334e+00
2.294357123021383060e+00
2.295190224937517343e+00
2.296023326853651625e+00
2.296856428769786351e+00
2.297689530685920634e+00
2.298522632602054916e+00
2.299355734518189198e+00
2.300188836434323481e+00
2.301021938350458207e+00
2.301855040266592489e+00
2.302688142182726772e+00
2.303521244098861498e+00
2.304354346014995780e+00
2.305187447931130063e+00
2.306020549847264789e+00
2.306853651763399071e+00
2.307686753679533798e+00
2.308519855595668080e+00
2.309352957511802362e+00
2.310186059427936645e+00
2.311019161344070927e+00
2.311852263260205653e+00
2.312685365176339936e+00
2.313518467092474218e+00
2.314351569008608944e+00
2.315184670924743227e+00
2.316017772840877509e+00
2.316850874757011791e+00
2.317683976673146073e+00
2.318517078589280800e+00
2.319350180505415082e+00
2.320183282421549364e+00
2.321016384337684091e+00
2.321849486253818373e+00
2.322682588169952655e+00
2.323515690086086938e+00
2.324348792002221220e+00
2.325181893918355946e+00
2.326014995834490673e+00
2.326848097750624955e+00
2.327681199666759237e+00
2.328514301582893520e+00
2.329347403499028246e+00
2.330180505415162528e+00
2.331013607331296811e+00
2.331846709247431537e+00
2.332679811163565819e+00
2.333512913079700102e+00
2.334346014995834384e+00
2.335179116911968666e+00
2.336012218828103393e+00
2.336845320744237675e+00
2.337678422660371957e+00
2.338511524576506684e+00
2.339344626492640966e+00
2.340177728408775248e+00
2.341010830324909531e+00
2.341843932241043813e+00
2.342677034157178539e+00
2.343510136073312822e+00
2.344343237989447104e+00
2.345176339905581830e+00
2.346009441821716113e+00
2.346842543737850839e+00
2.347675645653985121e+00
2.348508747570119404e+00
2.349341849486254130e+00
2.350174951402388412e+00
2.351008053318522695e+00
2.351841155234656977e+00
2.352674257150791259e+00
2.353507359066925986e+00
2.354340460983060268e+00
2.355173562899194550e+00
2.356006664815329277e+00
2.356839766731463559e+00
2.357672868647597841e+00
2.358505970563732124e+00
2.359339072479866406e+00
2.360172174396001132e+00
2.361005276312135415e+00
2.361838378228269697e+00
2.362671480144404423e+00
2.363504582060538706e+00
2.364337683976672988e+00
2.365170785892807270e+00
2.366003887808941997e+00
2.366836989725076723e+00
2.367670091641211005e+00
2.368503193557345288e+00
2.369336295473479570e+00
2.370169397389613852e+00
2.371002499305748579e+00
2.371835601221882861e+00
2.372668703138017143e+00
2.373501805054151870e+00
2.374334906970286152e+00
2.375168008886420434e+00
2.376001110802554717e+00
2.376834212718688999e+00
2.377667314634823725e+00
2.378500416550958008e+00
2.379333518467092290e+00
2.380166620383227016e+00
2.380999722299361299e+00
2.381832824215495581e+00
2.382665926131629863e+00
2.383499028047764146e+00
2.384332129963898872e+00
2.385165231880033154e+00
2.385998333796167437e+00
2.386831435712302163e+00
2.387664537628436445e+00
2.388497639544571172e+00
2.389330741460705454e+00
2.390163843376839736e+00
2.390996945292974463e+00
2.391830047209108745e+00
2.392663149125243027e+00
2.393496251041377310e+00
2.394329352957511592e+00
2.395162454873646318e+00
2.395995556789780601e+00
2.396828658705914883e+00
2.397661760622049609e+00
2.398494862538183892e+00
2.399327964454318174e+00
2.400161066370452456e+00
2.400994168286586739e+00
2.401827270202721465e+00
2.402660372118855747e+00
2.403493474034990030e+00
2.404326575951124756e+00
2.405159677867259038e+00
2.405992779783393321e+00
2.406825881699528047e+00
2.407658983615662329e+00
2.408492085531797056e+00
2.409325187447931338e+00
2.410158289364065620e+00
2.410991391280199903e+00
2.411824493196334185e+00
2.412657595112468911e+00
2.413490697028603194e+00
2.414323798944737476e+00
2.415156900860872202e+00
2.415990002777006485e+00
2.416823104693140767e+00
2.417656206609275049e+00
2.418489308525409331e+00
2.419322410441544058e+00
2.420155512357678340e+00
2.420988614273812622e+00
2.421821716189947349e+00
2.422654818106081631e+00
2.423487920022215913e+00
2.424321021938350196e+00
2.425154123854484478e+00
2.425987225770619204e+00
2.426820327686753931e+00
2.427653429602888213e+00
2.428486531519022495e+00
2.429319633435156778e+00
2.430152735351291504e+00
2.430985837267425786e+00
2.431818939183560069e+00
2.432652041099694795e+00
2.433485143015829077e+00
2.434318244931963360e+00
2.435151346848097642e+00
2.435984448764231924e+00
2.436817550680366651e+00
2.437650652596500933e+00
2.438483754512635215e+00
2.439316856428769942e+00
2.440149958344904224e+00
2.440983060261038506e+00
2.441816162177172789e+00
2.442649264093307071e+00
2.443482366009441797e+00
2.444315467925576080e+00
2.445148569841710362e+00
2.445981671757845088e+00
2.446814773673979371e+00
2.447647875590114097e+00
2.448480977506248379e+00
2.449314079422382662e+00
2.450147181338517388e+00
2.450980283254651670e+00
2.451813385170785953e+00
2.452646487086920235e+00
2.453479589003054517e+00
2.454312690919189244e+00
2.455145792835323526e+00
2.455978894751457808e+00
2.456811996667592535e+00
2.457645098583726817e+00
2.458478200499861099e+00
2.459311302415995382e+00
2.460144404332129664e+00
2.460977506248264390e+00
2.461810608164398673e+00
2.462643710080532955e+00
2.463476811996667681e+00
2.464309913912801964e+00
2.465143015828936246e+00
2.465976117745070528e+00
2.466809219661205255e+00
2.467642321577339981e+00
2.468475423493474263e+00
2.469308525409608546e+00
2.470141627325742828e+00
2.470974729241877110e+00
2.471807831158011837e+00
2.472640933074146119e+00
2.473474034990280401e+00
2.474307136906415128e+00
2.475140238822549410e+00
2.475973340738683692e+00
2.476806442654817975e+00
2.477639544570952257e+00
2.478472646487086983e+00
2.479305748403221266e+00
2.480138850319355548e+00
2.480971952235490274e+00
2.481805054151624557e+00
2.482638156067758839e+00
2.483471257983893121e+00
2.484304359900027404e+00
2.485137461816162130e+00
2.485970563732296412e+00
2.486803665648431139e+00
2.487636767564565421e+00
2.488469869480699703e+00
2.489302971396834430e+00
2.490136073312968712e+00
2.490969175229102994e+00
2.491802277145237721e+00
2.492635379061372003e+00
2.493468480977506285e+00
2.494301582893640568e+00
2.495134684809774850e+00
2.495967786725909576e+00
2.496800888642043859e+00
2.497633990558178141e+00
2.498467092474312867e+00
2.499300194390447150e+00
2.500133296306581432e+00
2.500966398222715714e+00
2.501799500138849996e+00
2.502632602054984723e+00
2.503465703971119005e+00
2.504298805887253287e+00
2.505131907803388014e+00
2.505965009719522296e+00
2.506798111635656578e+00
2.507631213551791305e+00
2.508464315467925587e+00
2.509297417384060314e+00
2.510130519300194596e+00
2.510963621216328878e+00
2.511796723132463161e+00
2.512629825048597443e+00
2.513462926964732169e+00
2.514296028880866452e+00
2.515129130797000734e+00
2.515962232713135460e+00
2.516795334629269743e+00
2.517628436545404025e+00
2.518461538461538307e+00
2.519294640377672589e+00
2.520127742293807316e+00
2.520960844209941598e+00
2.521793946126075880e+00
2.522627048042210607e+00
2.523460149958344889e+00
2.524293251874479171e+00
2.525126353790613454e+00
2.525959455706747736e+00
2.526792557622882462e+00
2.527625659539017189e+00
2.528458761455151471e+00
2.529291863371285753e+00
2.530124965287420036e+00
2.530958067203554762e+00
2.531791169119689044e+00
2.532624271035823327e+00
2.533457372951958053e+00
2.534290474868092335e+00
2.535123576784226618e+00
2.535956678700360900e+00
2.536789780616495182e+00
2.537622882532629909e+00
2.538455984448764191e+00
2.539289086364898473e+00
2.540122188281033200e+00
2.540955290197167482e+00
2.541788392113301764e+00
2.542621494029436047e+00
2.543454595945570329e+00
2.544287697861705055e+00
2.545120799777839338e+00
2.545953901693973620e+00
2.546787003610108346e+00
2.547620105526242629e+00
2.548453207442377355e+00
2.549286309358511637e+00
2.550119411274645920e+00
2.550952513190780646e+00
2.551785615106914928e+00
2.552618717023049211e+00
2.553451818939183493e+00
2.554284920855317775e+00
2.555118022771452502e+00
2.555951124687586784e+00
2.556784226603721066e+00
2.557617328519855793e+00
2.558450430435990075e+00
2.559283532352124357e+00
2.560116634268258640e+00
2.560949736184392922e+00
2.561782838100527648e+00
2.562615940016661931e+00
2.563449041932796213e+00
2.564282143848930939e+00
2.565115245765065222e+00
2.565948347681199504e+00
2.566781449597333786e+00
2.567614551513468513e+00
2.568447653429603239e+00
2.569280755345737521e+00
2.570113857261871804e+00
2.570946959178006086e+00
2.571780061094140368e+00
2.572613163010275095e+00
2.573446264926409377e+00
2.574279366842543659e+00
2.575112468758678386e+00
2.575945570674812668e+00
2.576778672590946950e+00
2.577611774507081233e+00
2.578444876423215515e+00
2.579277978339350241e+00
2.580111080255484524e+00
2.580944182171618806e+00
2.581777284087753532e+00
2.582610386003887815e+00
2.583443487920022097e+00
2.584276589836156379e+00
2.585109691752290662e+00
2.585942793668425388e+00
2.586775895584559670e+00
2.587608997500694397e+00
2.588442099416828679e+00
2.589275201332962961e+00
2.590108303249097688e+00
2.590941405165231970e+00
2.591774507081366252e+00
2.592607608997500979e+00
2.593440710913635261e+00
2.594273812829769543e+00
2.595106914745903826e+00
2.595940016662038108e+00
2.596773118578172834e+00
2.597606220494307117e+00
2.598439322410441399e+00
2.599272424326576125e+00
2.600105526242710408e+00
2.600938628158844690e+00
2.601771730074978972e+00
2.602604831991113254e+00
2.603437933907247981e+00
2.604271035823382263e+00
2.605104137739516545e+00
2.605937239655651272e+00
2.606770341571785554e+00
2.607603443487920281e+00
2.608436545404054563e+00
2.609269647320188845e+00
2.610102749236323572e+00
2.610935851152457854e+00
2.611768953068592136e+00
2.612602054984726418e+00
2.613435156900860701e+00
2.614268258816995427e+00
2.615101360733129710e+00
2.615934462649263992e+00
2.616767564565398718e+00
2.617600666481533001e+00
2.618433768397667283e+00
2.619266870313801565e+00
2.620099972229935847e+00
2.620933074146070574e+00
2.621766176062204856e+00
2.622599277978339138e+00
2.623432379894473865e+00
2.624265481810608147e+00
2.625098583726742429e+00
2.625931685642876712e+00
2.626764787559010994e+00
2.627597889475145720e+00
2.628430991391280447e+00
2.629264093307414729e+00
2.630097195223549011e+00
2.630930297139683294e+00
2.631763399055818020e+00
2.632596500971952302e+00
2.633429602888086585e+00
2.634262704804221311e+00
2.635095806720355593e+00
2.635928908636489876e+00
2.636762010552624158e+00
2.637595112468758440e+00
2.638428214384893167e+00
2.639261316301027449e+00
2.640094418217161731e+00
2.640927520133296458e+00
2.641760622049430740e+00
2.642593723965565022e+00
2.643426825881699305e+00
2.644259927797833587e+00
2.645093029713968313e+00
2.645926131630102596e+00
2.646759233546236878e+00
2.647592335462371604e+00
2.648425437378505887e+00
2.649258539294640613e+00
2.650091641210774895e+00
2.650924743126909178e+00
2.651757845043043904e+00
2.652590946959178186e+00
2.653424048875312469e+00
2.654257150791446751e+00
2.655090252707581033e+00
2.655923354623715760e+00
2.656756456539850042e+00
2.657589558455984324e+00
2.658422660372119051e+00
2.659255762288253333e+00
2.660088864204387615e+00
2.660921966120521898e+00
2.661755068036656180e+00
2.662588169952790906e+00
2.663421271868925189e+00
2.664254373785059471e+00
2.665087475701194197e+00
2.665920577617328480e+00
2.666753679533462762e+00
2.667586781449597044e+00
2.668419883365731771e+00
2.669252985281866497e+00
2.670086087198000779e+00
2.670919189114135062e+00
2.671752291030269344e+00
2.672585392946403626e+00
2.673418494862538353e+00
2.674251596778672635e+00
2.675084698694806917e+00
2.675917800610941644e+00
2.676750902527075926e+00
2.677584004443210208e+00
2.678417106359344491e+00
2.679250208275478773e+00
2.680083310191613499e+00
2.680916412107747782e+00
2.681749514023882064e+00
2.682582615940016790e+00
2.683415717856151073e+00
2.684248819772285355e+00
2.685081921688419637e+00
2.685915023604553920e+00
2.686748125520688646e+00
2.687581227436822928e+00
2.688414329352957655e+00
2.689247431269091937e+00
2.690080533185226219e+00
2.690913635101360946e+00
2.691746737017495228e+00
2.692579838933629510e+00
2.693412940849764237e+00
2.694246042765898519e+00
2.695079144682032801e+00
2.695912246598167084e+00
2.696745348514301366e+00
2.697578450430436092e+00
2.698411552346570375e+00
2.699244654262704657e+00
2.700077756178839383e+00
2.700910858094973666e+00
2.701743960011107948e+00
2.702577061927242230e+00
2.703410163843376512e+00
2.704243265759511239e+00
2.705076367675645521e+00
2.705909469591779803e+00
2.706742571507914530e+00
2.707575673424048812e+00
2.708408775340183539e+00
2.709241877256317821e+00
2.710074979172452103e+00
2.710908081088586830e+00
2.711741183004721112e+00
2.712574284920855394e+00
2.713407386836989676e+00
2.714240488753123959e+00
2.715073590669258685e+00
2.715906692585392967e+00
2.716739794501527250e+00
2.717572896417661976e+00
2.718405998333796258e+00
2.719239100249930541e+00
2.720072202166064823e+00
2.720905304082199105e+00
2.721738405998333832e+00
2.722571507914468114e+00
2.723404609830602396e+00
2.724237711746737123e+00
2.725070813662871405e+00
2.725903915579005687e+00
2.726737017495139970e+00
2.727570119411274252e+00
2.728403221327409423e+00
2.729236323243543705e+00
2.730069425159677987e+00
2.730902527075812269e+00
2.731735628991946552e+00
2.732568730908081278e+00
2.733401832824215560e+00
2.734234934740349843e+00
2.735068036656484569e+00
2.735901138572618851e+00
2.736734240488753134e+00
2.737567342404887416e+00
2.738400444321021698e+00
2.739233546237156425e+00
2.740066648153290707e+00
2.740899750069424989e+00
2.741732851985559716e+00
2.742565953901693998e+00
2.743399055817828280e+00
2.744232157733962563e+00
2.745065259650096845e+00
2.745898361566231571e+00
2.746731463482365854e+00
2.747564565398500136e+00
2.748397667314634862e+00
2.749230769230769145e+00
2.750063871146903871e+00
2.750896973063038153e+00
2.751730074979172436e+00
2.752563176895307162e+00
2.753396278811441444e+00
2.754229380727575727e+00
2.755062482643710009e+00
2.755895584559844291e+00
2.756728686475979018e+00
2.757561788392113300e+00
2.758394890308247582e+00
2.759227992224382309e+00
2.760061094140516591e+00
2.760894196056650873e+00
2.761727297972785156e+00
2.762560399888919438e+00
2.763393501805054164e+00
2.764226603721188447e+00
2.765059705637322729e+00
2.765892807553457455e+00
2.766725909469591738e+00
2.767559011385726020e+00
2.768392113301860302e+00
2.769225215217995029e+00
2.770058317134129755e+00
2.770891419050264037e+00
2.771724520966398320e+00
2.772557622882532602e+00
2.773390724798666884e+00
2.774223826714801611e+00
2.775056928630935893e+00
2.775890030547070175e+00
2.776723132463204902e+00
2.777556234379339184e+00
2.778389336295473466e+00
2.779222438211607749e+00
2.780055540127742031e+00
2.780888642043876757e+00
2.781721743960011040e+00
2.782554845876145322e+00
2.783387947792280048e+00
2.784221049708414331e+00
2.785054151624548613e+00
2.785887253540682895e+00
2.786720355456817177e+00
2.787553457372951904e+00
2.788386559289086186e+00
2.789219661205220913e+00
2.790052763121355195e+00
2.790885865037489477e+00
2.791718966953624204e+00
2.792552068869758486e+00
2.793385170785892768e+00
2.794218272702027495e+00
2.795051374618161777e+00
2.795884476534296059e+00
2.796717578450430342e+00
2.797550680366564624e+00
2.798383782282699350e+00
2.799216884198833633e+00
2.800049986114967915e+00
2.800883088031102641e+00
2.801716189947236924e+00
2.802549291863371206e+00
2.803382393779505488e+00
2.804215495695639770e+00
2.805048597611774497e+00
2.805881699527908779e+00
2.806714801444043061e+00
2.807547903360177788e+00
2.808381005276312070e+00
2.809214107192446797e+00
2.810047209108581079e+00
2.810880311024715361e+00
2.811713412940850088e+00
2.812546514856984370e+00
2.813379616773118652e+00
2.814212718689252934e+00
2.815045820605387217e+00
2.815878922521521943e+00
2.816712024437656225e+00
2.817545126353790508e+00
2.818378228269925234e+00
2.819211330186059516e+00
2.820044432102193799e+00
2.820877534018328081e+00
2.821710635934462363e+00
2.822543737850597090e+00
2.823376839766731372e+00
2.824209941682865654e+00
2.825043043599000381e+00
2.825876145515134663e+00
2.826709247431268945e+00
2.827542349347403228e+00
2.828375451263537510e+00
2.829208553179672680e+00
2.830041655095806963e+00
2.830874757011941245e+00
2.831707858928075527e+00
2.832540960844209810e+00
2.833374062760344536e+00
2.834207164676478818e+00
2.835040266592613101e+00
2.835873368508747827e+00
2.836706470424882109e+00
2.837539572341016392e+00
2.838372674257150674e+00
2.839205776173284956e+00
2.840038878089419683e+00
2.840871980005553965e+00
2.841705081921688247e+00
2.842538183837822974e+00
2.843371285753957256e+00
2.844204387670091538e+00
2.845037489586225821e+00
2.845870591502360103e+00
2.846703693418494829e+00
2.847536795334629112e+00
2.848369897250763394e+00
2.849202999166898120e+00
2.850036101083032403e+00
2.850869202999167129e+00
2.851702304915301411e+00
2.852535406831435694e+00
2.853368508747570420e+00
2.854201610663704702e+00
2.855034712579838985e+00
2.855867814495973267e+00
2.856700916412107549e+00
2.857534018328242276e+00
2.858367120244376558e+00
2.859200222160510840e+00
2.860033324076645567e+00
2.860866425992779849e+00
2.861699527908914131e+00
2.862532629825048414e+00
2.863365731741182696e+00
2.864198833657317422e+00
2.865031935573451705e+00
2.865865037489585987e+00
2.866698139405720713e+00
2.867531241321854996e+00
2.868364343237989278e+00
2.869197445154123560e+00
2.870030547070258287e+00
2.870863648986393013e+00
2.871696750902527295e+00
2.872529852818661578e+00
2.873362954734795860e+00
2.874196056650930142e+00
2.875029158567064869e+00
2.875862260483199151e+00
2.876695362399333433e+00
2.877528464315468160e+00
2.878361566231602442e+00
2.879194668147736724e+00
2.880027770063871007e+00
2.880860871980005289e+00
2.881693973896140015e+00
2.882527075812274298e+00
2.883360177728408580e+00
2.884193279644543306e+00
2.885026381560677589e+00
2.885859483476811871e+00
2.886692585392946153e+00
2.887525687309080435e+00
2.888358789225215162e+00
2.889191891141349444e+00
2.890024993057484171e+00
2.890858094973618453e+00
2.891691196889752735e+00
2.892524298805887462e+00
2.893357400722021744e+00
2.894190502638156026e+00
2.895023604554290753e+00
2.895856706470425035e+00
2.896689808386559317e+00
2.897522910302693600e+00
2.898356012218827882e+00
2.899189114134962608e+00
2.900022216051096891e+00
2.900855317967231173e+00
2.901688419883365899e+00
2.902521521799500182e+00
2.903354623715634464e+00
2.904187725631768746e+00
2.905020827547903028e+00
2.905853929464037755e+00
2.906687031380172037e+00
2.907520133296306319e+00
2.908353235212441046e+00
2.909186337128575328e+00
2.910019439044710055e+00
2.910852540960844337e+00
2.911685642876978619e+00
2.912518744793113346e+00
2.913351846709247628e+00
2.914184948625381910e+00
2.915018050541516192e+00
2.915851152457650475e+00
2.916684254373785201e+00
2.917517356289919483e+00
2.918350458206053766e+00
2.919183560122188492e+00
2.920016662038322774e+00
2.920849763954457057e+00
2.921682865870591339e+00
2.922515967786725621e+00
2.923349069702860348e+00
2.924182171618994630e+00
2.925015273535128912e+00
2.925848375451263639e+00
2.926681477367397921e+00
2.927514579283532203e+00
2.928347681199666486e+00
2.929180783115800768e+00
2.930013885031935938e+00
2.930846986948070221e+00
2.931680088864204503e+00
2.932513190780338785e+00
2.933346292696473068e+00
2.934179394612607794e+00
2.935012496528742076e+00
2.935845598444876359e+00
2.936678700361011085e+00
2.937511802277145367e+00
2.938344904193279650e+00
2.939178006109413932e+00
2.940011108025548214e+00
2.940844209941682941e+00
2.941677311857817223e+00
2.942510413773951505e+00
2.943343515690086232e+00
2.944176617606220514e+00
2.945009719522354796e+00
2.945842821438489079e+00
2.946675923354623361e+00
2.947509025270758087e+00
2.948342127186892370e+00
2.949175229103026652e+00
2.950008331019161378e+00
2.950841432935295661e+00
2.951674534851430387e+00
2.952507636767564669e+00
2.953340738683698952e+00
2.954173840599833678e+00
2.955006942515967960e+00
2.955840044432102243e+00
2.956673146348236525e+00
2.957506248264370807e+00
2.958339350180505534e+00
2.959172452096639816e+00
2.960005554012774098e+00
2.960838655928908825e+00
2.961671757845043107e+00
2.962504859761177389e+00
2.963337961677311672e+00
2.964171063593445954e+00
2.965004165509580680e+00
2.965837267425714963e+00
2.966670369341849245e+00
2.967503471257983971e+00
2.968336573174118254e+00
2.969169675090252536e+00
2.970002777006387262e+00
2.970835878922521545e+00
2.971668980838656271e+00
2.972502082754790553e+00
2.973335184670924836e+00
2.974168286587059118e+00
2.975001388503193400e+00
2.975834490419328127e+00
2.976667592335462409e+00
2.977500694251596691e+00
2.978333796167731418e+00
2.979166898083865700e+00
